-2  21  0  0  1  0  0  0  0
 6  13  0  0  0  0  0  1  0
 13  13  0  0  0  0  1  5  0
 13  6  0  0  0  0  5  0  0
-2  17  0  0  1  0  0  0  0
 1  22  0  0  0  0  0  0  0
 5  1  0  0  0  0  0  0  0
 2  1 -3  23  0  0  0  0  0
 11  13 -8  13  0  0  0  2  5
 11  24 -4  0  0  0  0  0  0
-1  11 -2  0  0  0  0  0  0
 5  2  0  0  0  0  0  0  0
 8 -8  12  0  0  0  0  0  0
 2  2 -3  25  0  0  0  0  0
-1  8 -2  9  0  1  0  0  0
-2  2  0  0  1  0  0  0  0
 7  1 -8  26  0  0  0  0  0
 1  1 -3  27  0  0  0  0  0
-1  7 -2  7  0  1  0  0  0
-2  27  0  0  1  0  0  0  0
 3  28  0  0  0  0  0  0  0
-15  13  0  0  0  0  0  3  0
 9  3 -8  29  0  0  0  0  0
 3  3 -3  30  0  0  0  0  0
-1  9 -2  22  0  1  0  0  0
-2  6  0  0  1  0  0  0  0
 4  31  0  0  0  0  0  0  0
-14  13  0  0  0  0  0  4  0
 10  4 -8  32  0  0  0  0  0
 4  4 -3  33  0  0  0  0  0
-1  10 -2  28  0  1  0  0  0
 0  0  0  0  0  0  0  0  0
